108,50
108,49
108,48
108,47
108,46
108,45
108,44
108,43
108,42
108,41
108,40
108,39
108,38
108,37
108,36
108,35
10,242
10,168
10,136
10,86
10,165
10,110
10,144
10,221
10,2
10,3
11,17
11,9
11,20
11,15
11,5
11,2
11,3
0,523
9,7
9,4
9,6
9,2
9,3
8,18
8,4
8,6
8,8
8,2
8,3
90,5
90,4
90,3
90,2
90,1
90,0
89,3
89,2
89,1
89,0
88,6
88,5
88,4
88,3
88,2
88,1
88,0
87,8
87,7
87,6
87,5
87,4
87,3
87,2
87,1
87,0
86,5
86,4
86,3
86,2
86,1
20,1
20,3
86,0
85,5
85,4
85,3
85,2
85,1
85,0
84,5
84,4
84,3
84,2
84,1
84,0
83,76
83,75
83,74
83,73
83,72
83,71
83,70
83,69
83,68
83,67
83,66
83,65
83,64
83,39
83,38
83,37
83,36
83,35
83,34
83,33
83,32
83,31
83,30
83,29
83,28
83,27
83,26
83,25
83,24
83,23
83,22
83,20
83,18
83,16
83,12
83,10
83,5
83,4
83,3
83,1
82,15
82,14
